((("find_by" .
   [1 0 0 0 0 0 0])
  ("nil" .
   [1 0 0])
  ("line_item" .
   [1 0 0 0 0 0 0 0 0])
  ("where" .
   [1 0 0 0 0])
  (":line_items" .
   [1 0 0 0 0 0 0 0 0 0 0])
  ("all" .
   [1 0 0])
  ("do" .
   [1 0])
  ("context" .
   [2 0 0 0 0 0 0])
  (":email_address" .
   [2 0 0 0 0 0 0 0 0 0 0 0 0 0])
  ("data" .
   [1 0 0 0])
  ("email_address" .
   [1 0 0 0 0 0 0 0 0 0 0 0 0])
  ("last" .
   [1 0 0 0])
  ("line_items" .
   [2 0 0 0 0 0 0 0 0 0])
  ("Order" .
   [2 0 0 0 0])
  ("eq" .
   [1 0])
  ("to" .
   [1 0])
  ("expect" .
   [2 0 0 0 0 0])
  ("LineItem" .
   [2 0 0 0 0 0 0 0])
  ("end" .
   [3 0 0])
  ("email" .
   [3 0 0 0 0])
  ("is" .
   [1 0])
  ("Then" .
   [1 0 0 0])
  ("pry" .
   [3 0 0])
  ("binding" .
   [3 0 0 0 0 0 0])
  ("awk-mode" .
   [0 0 1 0 0 0 0 0])
  ("a" .
   [2])
  ("awef" .
   [0 0 0 1])))
